-1.000000000e+01 3.293127621e-05 
-9.800000000e+00 4.955771371e-05 
-9.600000000e+00 7.396530464e-05 
-9.400000000e+00 1.094860846e-04 
-9.200000000e+00 1.607325691e-04 
-9.000000000e+00 2.340253669e-04 
-8.800000000e+00 3.379372534e-04 
-8.600000000e+00 4.839754052e-04 
-8.400000000e+00 6.874238583e-04 
-8.200000000e+00 9.683670349e-04 
-8.000000000e+00 1.352911784e-03 
-7.800000000e+00 1.874619148e-03 
-7.600000000e+00 2.576147380e-03 
-7.400000000e+00 3.511093932e-03 
-7.200000000e+00 4.746005950e-03 
-7.000000000e+00 6.362505857e-03 
-6.800000000e+00 8.459451383e-03 
-6.600000000e+00 1.115501836e-02 
-6.400000000e+00 1.458856137e-02 
-6.200000000e+00 1.892207376e-02 
-6.000000000e+00 2.434103732e-02 
-5.800000000e+00 3.105442699e-02 
-5.600000000e+00 3.929362037e-02 
-5.400000000e+00 4.930996072e-02 
-5.200000000e+00 6.137073930e-02 
-5.000000000e+00 7.575340184e-02 
-4.800000000e+00 9.273784774e-02 
-4.600000000e+00 1.125967802e-01 
-4.400000000e+00 1.355841796e-01 
-4.200000000e+00 1.619221084e-01 
-4.000000000e+00 1.917862069e-01 
-3.800000000e+00 2.252903949e-01 
-3.600000000e+00 2.624714495e-01 
-3.400000000e+00 3.032742586e-01 
-3.200000000e+00 3.475386555e-01 
-3.000000000e+00 3.949887902e-01 
-2.800000000e+00 4.452259930e-01 
-2.600000000e+00 4.977260125e-01 
-2.400000000e+00 5.518413674e-01 
-2.200000000e+00 6.068093366e-01 
-2.000000000e+00 6.617658356e-01 
-1.800000000e+00 7.157650977e-01 
-1.600000000e+00 7.678047228e-01 
-1.400000000e+00 8.168552936e-01 
-1.200000000e+00 8.618934163e-01 
-1.000000000e+00 9.019367556e-01 
-8.000000000e-01 9.360794147e-01 
-6.000000000e-01 9.635258948e-01 
-4.000000000e-01 9.836218640e-01 
-2.000000000e-01 9.958800752e-01 
0.000000000e+00 1.000000000e+00 
2.000000000e-01 9.958800752e-01 
4.000000000e-01 9.836218640e-01 
6.000000000e-01 9.635258948e-01 
8.000000000e-01 9.360794147e-01 
1.000000000e+00 9.019367556e-01 
1.200000000e+00 8.618934163e-01 
1.400000000e+00 8.168552936e-01 
1.600000000e+00 7.678047228e-01 
1.800000000e+00 7.157650977e-01 
2.000000000e+00 6.617658356e-01 
2.200000000e+00 6.068093366e-01 
2.400000000e+00 5.518413674e-01 
2.600000000e+00 4.977260125e-01 
2.800000000e+00 4.452259930e-01 
3.000000000e+00 3.949887902e-01 
3.200000000e+00 3.475386555e-01 
3.400000000e+00 3.032742586e-01 
3.600000000e+00 2.624714495e-01 
3.800000000e+00 2.252903949e-01 
4.000000000e+00 1.917862069e-01 
4.200000000e+00 1.619221084e-01 
4.400000000e+00 1.355841796e-01 
4.600000000e+00 1.125967802e-01 
4.800000000e+00 9.273784774e-02 
5.000000000e+00 7.575340184e-02 
5.200000000e+00 6.137073930e-02 
5.400000000e+00 4.930996072e-02 
5.600000000e+00 3.929362037e-02 
5.800000000e+00 3.105442699e-02 
6.000000000e+00 2.434103732e-02 
6.200000000e+00 1.892207376e-02 
6.400000000e+00 1.458856137e-02 
6.600000000e+00 1.115501836e-02 
6.800000000e+00 8.459451383e-03 
7.000000000e+00 6.362505857e-03 
7.200000000e+00 4.746005950e-03 
7.400000000e+00 3.511093932e-03 
7.600000000e+00 2.576147380e-03 
7.800000000e+00 1.874619148e-03 
8.000000000e+00 1.352911784e-03 
8.200000000e+00 9.683670349e-04 
8.400000000e+00 6.874238583e-04 
8.600000000e+00 4.839754052e-04 
8.800000000e+00 3.379372534e-04 
9.000000000e+00 2.340253669e-04 
9.200000000e+00 1.607325691e-04 
9.400000000e+00 1.094860846e-04 
9.600000000e+00 7.396530464e-05 
9.800000000e+00 4.955771371e-05 
1.000000000e+01 3.293127621e-05 
